0.1 0.1 0.1 152.38556896112678 83.50459783772122 155.99069109021622
0.1 0.1 3.5577777777777775 93.54574165755453 -183.2953320374007 -207.640024292484
0.1 0.1 7.015555555555554 84.54573145249967 -129.6639644437844 162.2276333661506
0.1 0.1 10.473333333333331 -144.71103683259213 -99.40979383794846 -94.64598860526543
0.1 0.1 17.38888888888889 -107.40225487396745 176.5869598555163 183.84338051742313
0.1 0.1 20.846666666666664 -140.22444654359293 107.67565329703058 -126.86250548253024
0.1 0.1 24.304444444444442 -140.32277504807826 -119.56634563587488 -143.79367589502002
0.1 0.1 27.76222222222222 -168.2242667176419 -151.49526089230142 101.83392257718273
0.1 0.1 31.22 -99.57423255660856 127.97441893269743 165.49787856717234
0.1 3.5577777777777775 0.1 -78.22314351186878 -126.07381875483827 164.4643686507903
0.1 3.5577777777777775 7.015555555555554 -158.2287515963921 -154.28984576547785 97.54690710819895
0.1 3.5577777777777775 10.473333333333331 145.6201509799269 -122.98037758267536 -104.12096628814871
0.1 3.5577777777777775 13.93111111111111 -149.66175688198066 -139.36376736315597 -81.98040080022813
0.1 3.5577777777777775 20.846666666666664 132.72880462147674 93.86304924497153 100.63222760813996
0.1 3.5577777777777775 27.76222222222222 161.12849766184385 -119.38639844310526 -111.70331125751376
0.1 3.5577777777777775 31.22 -181.99472889137374 -173.18609823424137 157.9577848131323
0.1 7.015555555555554 0.1 -189.98672827727685 -108.96355634039378 -176.4750720859172
0.1 7.015555555555554 3.5577777777777775 -75.25044104442595 192.46666681056521 142.0570673273597
0.1 7.015555555555554 7.015555555555554 -47.37057278305794 -139.4433863643459 -129.92522666163003
0.1 7.015555555555554 10.473333333333331 150.5913913781491 -113.23219116832762 148.13128331044405
0.1 7.015555555555554 13.93111111111111 145.413868596536 -117.40548756905498 -133.75608154463478
0.1 7.015555555555554 17.38888888888889 145.46603291799568 180.378295426361 -110.82071666324873
0.1 7.015555555555554 20.846666666666664 52.77116167948075 -198.84340153270495 131.86489775261825
0.1 7.015555555555554 24.304444444444442 219.65351330428302 -118.2041185155784 -164.49653362625676
0.1 7.015555555555554 31.22 157.0653200689426 -129.3474283548082 -123.00773334180714
0.1 10.473333333333331 0.1 -159.1906368240871 -176.58235109285954 -80.74761299419627
0.1 10.473333333333331 3.5577777777777775 108.73225806802495 -124.42079557477332 164.37781192643678
0.1 10.473333333333331 10.473333333333331 -145.17119456876472 120.6410127304619 -102.88086926568405
0.1 10.473333333333331 13.93111111111111 -126.92495103346548 121.53297442315089 161.61337484461566
0.1 10.473333333333331 17.38888888888889 139.4060912783029 -115.47780611312808 128.16094982060025
0.1 10.473333333333331 20.846666666666664 97.64124642390364 94.59167172959974 -163.51002057529288
0.1 10.473333333333331 27.76222222222222 99.89678375403318 72.5426779849504 153.262076559713
0.1 10.473333333333331 31.22 101.50026319643844 -135.47974473826287 151.44459696376174
0.1 13.93111111111111 0.1 -93.74270568210835 -167.09390241308705 154.85047610234767
0.1 13.93111111111111 3.5577777777777775 148.02004169386788 140.75352664391485 -173.41272723750515
0.1 13.93111111111111 7.015555555555554 -118.98442454353066 81.45543585163766 -132.19135315895915
0.1 13.93111111111111 10.473333333333331 -172.47541659695287 -133.51922107479191 -129.19193819316672
0.1 13.93111111111111 13.93111111111111 -118.75058786816783 121.27085640591216 128.4286116595723
0.1 13.93111111111111 20.846666666666664 -103.54160047503106 91.93033570491305 -218.77647425841332
0.1 13.93111111111111 24.304444444444442 -156.39346591408463 -129.8102970014764 -102.68007130991138
0.1 13.93111111111111 27.76222222222222 -159.93768443041563 -125.46616515723031 -126.70267870827256
0.1 13.93111111111111 31.22 111.18115590828225 108.44846633305305 -132.48164402658153
0.1 17.38888888888889 0.1 -139.45844106925654 -119.6964703820663 -159.40525781764896
0.1 17.38888888888889 3.5577777777777775 -121.44585212802528 -59.27886884021732 135.37976213325172
0.1 17.38888888888889 7.015555555555554 -122.88525235785015 150.9384577467601 160.77497311312666
0.1 17.38888888888889 10.473333333333331 -129.59815111993555 -89.04592850413502 -131.2979720950471
0.1 17.38888888888889 17.38888888888889 -194.31374731316853 -165.1145196457249 188.32717654708267
0.1 17.38888888888889 20.846666666666664 -152.03060483329986 -76.28907944999524 -159.56112565345725
0.1 17.38888888888889 24.304444444444442 -165.3495645310732 -140.54904697956462 -182.31336963802784
0.1 17.38888888888889 27.76222222222222 -179.1752543300647 -143.67427289308472 -166.41582232509592
0.1 17.38888888888889 31.22 -109.09933107182749 -110.18127011657127 -182.9083312477735
0.1 20.846666666666664 0.1 166.46920127430153 -162.10407270871835 129.00422049867578
0.1 20.846666666666664 3.5577777777777775 164.8756081149462 113.27491393238549 -106.23918019430627
0.1 20.846666666666664 7.015555555555554 78.38224785079359 -93.46636510767661 87.7622819991606
0.1 20.846666666666664 10.473333333333331 -135.24432781687395 -169.05118487682412 127.5366646259634
0.1 20.846666666666664 13.93111111111111 -149.19624218291682 -128.89888809802488 -129.28776280993173
0.1 20.846666666666664 17.38888888888889 117.17139123633284 -98.4544685421869 190.35841247755343
0.1 20.846666666666664 20.846666666666664 -101.14208370405139 -144.21649015285038 -111.02934257331995
0.1 20.846666666666664 24.304444444444442 -159.46130548296765 120.98170397986489 -121.68862522854756
0.1 24.304444444444442 0.1 149.7581101144908 96.19861498137735 114.72951987474909
0.1 24.304444444444442 3.5577777777777775 147.20619651454498 173.59726397141407 111.97537660097484
0.1 24.304444444444442 7.015555555555554 -144.45530057050885 215.7075260972784 114.82975657145877
0.1 24.304444444444442 13.93111111111111 -156.23584494147147 169.08511638149972 -133.4696437327908
0.1 24.304444444444442 17.38888888888889 -136.6997382890142 -198.8407478281476 182.06688827799607
0.1 24.304444444444442 20.846666666666664 -141.62996799457943 -139.27024486940908 129.4506916390105
0.1 24.304444444444442 24.304444444444442 -128.771631255081 118.30903892234345 -107.92560818274414
0.1 24.304444444444442 27.76222222222222 137.40843593913928 133.22839876029872 -123.80397952554777
0.1 27.76222222222222 0.1 144.22628339309566 88.43178883656007 -96.38527299818352
0.1 27.76222222222222 3.5577777777777775 -90.99796980597317 -188.07881821191646 -137.97761776582072
0.1 27.76222222222222 7.015555555555554 -115.80913021368144 169.8232801686552 -166.7929298020371
0.1 27.76222222222222 10.473333333333331 103.99693770486968 -91.5814587254925 117.69283134093887
0.1 27.76222222222222 13.93111111111111 125.61402499291502 153.70273443809106 -138.63280563789164
0.1 27.76222222222222 17.38888888888889 83.49006586706126 173.4385653861961 -170.61042975942368
0.1 27.76222222222222 20.846666666666664 -151.62161615471317 -106.85585459359055 -133.83827659936478
0.1 27.76222222222222 24.304444444444442 -163.6671420074919 192.0331917062672 184.521364413576
0.1 27.76222222222222 31.22 -140.38453510431228 156.91770633886603 -176.5441842632025
0.1 31.22 3.5577777777777775 151.88238167461654 -111.14364622225885 -170.3889497415492
0.1 31.22 7.015555555555554 -120.92470379525928 -110.39192696545713 -163.34924038414906
0.1 31.22 10.473333333333331 -155.6533126250795 128.3909847454278 -96.31356636087183
0.1 31.22 13.93111111111111 -169.96450660376274 -123.01416240964684 141.9526500303387
0.1 31.22 17.38888888888889 -145.56346875783188 189.75153202538115 89.82965480127547
0.1 31.22 20.846666666666664 170.59381408233406 150.51165196784984 -141.56347960943296
0.1 31.22 27.76222222222222 -111.30732261609046 175.42193835097007 169.0376765143738
0.1 31.22 31.22 -157.79101610697657 -139.2296005165126 -142.7123749180412
3.5577777777777775 0.1 0.1 178.07330662821687 -137.28307661579208 84.8929851381421
3.5577777777777775 0.1 3.5577777777777775 -145.73784771116033 -182.08140716903245 128.97265275402629
3.5577777777777775 0.1 10.473333333333331 -98.05695332306517 118.56448877106723 128.52536472627403
3.5577777777777775 0.1 13.93111111111111 -167.40950705652844 -163.6716256233465 -137.6473477255661
3.5577777777777775 0.1 17.38888888888889 -120.14140763069264 -129.09952492678835 -133.207672806494
3.5577777777777775 0.1 20.846666666666664 -131.3148921779721 141.93188061727483 115.00649119010583
3.5577777777777775 0.1 27.76222222222222 -164.05842422457368 -181.13606867935087 86.40011196743602
3.5577777777777775 3.5577777777777775 3.5577777777777775 -105.33840044321953 -92.70445272262018 161.3417809210684
3.5577777777777775 3.5577777777777775 7.015555555555554 -76.50087814857308 148.60966342748654 218.70486579711866
3.5577777777777775 3.5577777777777775 10.473333333333331 -133.52526676174745 -168.59322907954396 -146.3163739686183
3.5577777777777775 3.5577777777777775 13.93111111111111 -150.37408265274874 99.64525737266888 -123.61788374900085
3.5577777777777775 3.5577777777777775 17.38888888888889 126.02201295051664 -110.19778109145282 -122.52814015898944
3.5577777777777775 3.5577777777777775 20.846666666666664 -135.76265711274584 -179.9510763579572 -156.56610655272596
3.5577777777777775 3.5577777777777775 24.304444444444442 110.20660837808205 128.1134809074216 -125.74645209415421
3.5577777777777775 3.5577777777777775 27.76222222222222 103.95480298470123 -88.86881643713282 -139.92227111302392
3.5577777777777775 3.5577777777777775 31.22 111.46936136454079 149.54966304756283 112.66002987648982
3.5577777777777775 7.015555555555554 0.1 -144.11798978084647 144.6113041076286 -104.16486041062605
3.5577777777777775 7.015555555555554 3.5577777777777775 139.31622557323516 -176.5956226916667 82.91621899798436
3.5577777777777775 7.015555555555554 10.473333333333331 163.91078726683904 125.2405269886064 118.73917017707761
3.5577777777777775 7.015555555555554 13.93111111111111 89.0723055912775 -109.43822639006417 -119.94697853320798
3.5577777777777775 7.015555555555554 17.38888888888889 221.99317471352893 -125.11379759439694 -109.72512933277368
3.5577777777777775 7.015555555555554 20.846666666666664 -198.8345934573807 134.4292041742539 121.66622689416485
3.5577777777777775 7.015555555555554 24.304444444444442 192.99378192404106 -112.40250738753579 135.21342982657035
3.5577777777777775 7.015555555555554 27.76222222222222 -146.59906414456663 165.39083337168813 120.70833783440378
3.5577777777777775 7.015555555555554 31.22 104.79956686708876 154.02318674877785 -90.20531132543918
3.5577777777777775 10.473333333333331 3.5577777777777775 -105.02417558633734 -87.53096478447858 100.45538124357067
3.5577777777777775 10.473333333333331 7.015555555555554 -157.38278754103402 -173.03953787128646 138.32168702050225
3.5577777777777775 10.473333333333331 10.473333333333331 167.25702306521242 116.84358611794684 -114.01295507850969
3.5577777777777775 10.473333333333331 13.93111111111111 102.14941614371209 -156.5029755897695 160.38728722587172
3.5577777777777775 10.473333333333331 17.38888888888889 162.39698275194087 -70.40529272997846 136.8031594611615
3.5577777777777775 10.473333333333331 20.846666666666664 154.67224550330107 -120.58700223378592 -180.85069857933678
3.5577777777777775 10.473333333333331 24.304444444444442 156.07467809918134 -139.89199199462539 -144.63723255790035
3.5577777777777775 10.473333333333331 27.76222222222222 -173.1761189528923 -123.47419789342506 205.02583836928605
3.5577777777777775 10.473333333333331 31.22 100.67810831877709 -155.82102185896954 -196.6629750494917
3.5577777777777775 13.93111111111111 0.1 123.42362262931256 -125.28528445305949 -118.54067359820132
3.5577777777777775 13.93111111111111 3.5577777777777775 80.87144434875621 -153.43665865465707 -231.60698687212079
3.5577777777777775 13.93111111111111 10.473333333333331 -186.9975579166222 -145.76222258518737 141.2741967057201
3.5577777777777775 13.93111111111111 20.846666666666664 74.56496360257732 -132.84377393701962 -135.65452709344945
3.5577777777777775 13.93111111111111 24.304444444444442 -87.28270559958334 156.87051895692147 -121.87227702354421
3.5577777777777775 13.93111111111111 27.76222222222222 102.02158004467657 -64.21247637713992 91.59409697555364
3.5577777777777775 13.93111111111111 31.22 198.5023105434523 104.01392648634017 161.10275350758303
3.5577777777777775 17.38888888888889 0.1 113.65812313696388 104.33394014091868 -91.57813700558411
3.5577777777777775 17.38888888888889 7.015555555555554 121.84009231992812 175.24347199749403 -105.17671267191578
3.5577777777777775 17.38888888888889 10.473333333333331 -129.98171344038104 -136.40489055260895 -177.0362713508353
3.5577777777777775 17.38888888888889 13.93111111111111 -117.95584501626753 -162.75858243671016 -112.45221501693716
3.5577777777777775 17.38888888888889 20.846666666666664 145.56216093582876 108.29173497670284 113.45527175111005
3.5577777777777775 17.38888888888889 24.304444444444442 -101.81996241486533 -154.90652688654967 -146.82667479646
3.5577777777777775 17.38888888888889 27.76222222222222 -156.32088844095443 129.06106818719812 150.14016402313482
3.5577777777777775 17.38888888888889 31.22 159.8908576676421 -167.49080725514904 100.10964100331245
3.5577777777777775 20.846666666666664 0.1 -151.32623159896232 130.97975566936947 -150.88322495162586
3.5577777777777775 20.846666666666664 3.5577777777777775 130.6945592614354 -103.46716998658589 113.08282696672059
3.5577777777777775 20.846666666666664 7.015555555555554 128.83820086892484 179.55614000764757 121.34985133740244
3.5577777777777775 20.846666666666664 10.473333333333331 -139.20808367390038 65.7518294983853 -81.08451942399695
3.5577777777777775 20.846666666666664 13.93111111111111 -140.04965135422026 120.60995882486675 107.59957664910476
3.5577777777777775 20.846666666666664 17.38888888888889 -116.07674875792841 -141.89930624110437 159.65229106728444
3.5577777777777775 20.846666666666664 20.846666666666664 121.02058510372585 -89.52100334660719 -147.490669546902
3.5577777777777775 20.846666666666664 24.304444444444442 -205.4290929968789 94.55380491557493 -127.12534429452427
3.5577777777777775 20.846666666666664 27.76222222222222 110.98348673218223 110.79628594349713 -151.49856732091615
3.5577777777777775 20.846666666666664 31.22 144.78392435082614 -142.84454894990378 -114.56802286314051
3.5577777777777775 24.304444444444442 0.1 -110.87068087454146 -114.32480768409748 -92.95981622623782
3.5577777777777775 24.304444444444442 3.5577777777777775 147.1754586918042 -173.45287284869278 116.51526677794837
3.5577777777777775 24.304444444444442 7.015555555555554 127.68145731119249 -150.92206986131345 189.99888645047497
3.5577777777777775 24.304444444444442 10.473333333333331 119.90864410968427 -90.77276058389837 -141.4311743981243
3.5577777777777775 24.304444444444442 13.93111111111111 -128.84511377922402 108.69195568113243 125.76912944443922
3.5577777777777775 24.304444444444442 17.38888888888889 -108.90461628763437 -144.2354777424401 -130.10020552402736
3.5577777777777775 24.304444444444442 20.846666666666664 119.92931158517699 199.54100926088216 126.93721989063144
3.5577777777777775 24.304444444444442 24.304444444444442 113.55872738585298 -162.0107739041921 -120.49308988006747
3.5577777777777775 24.304444444444442 27.76222222222222 133.55763703158232 112.07795381415102 148.09035977284276
3.5577777777777775 24.304444444444442 31.22 144.57468536634667 -99.15792567441237 150.45753874640184
3.5577777777777775 27.76222222222222 0.1 87.13076754120786 138.68864606943944 156.50504282011707
3.5577777777777775 27.76222222222222 3.5577777777777775 -59.70518849780236 -137.2881597056105 -84.1016379931198
3.5577777777777775 27.76222222222222 7.015555555555554 -139.29309648436637 -138.92401676744456 -102.38408203449117
3.5577777777777775 27.76222222222222 10.473333333333331 112.35548337417329 -157.22557640566131 108.1240657526574
3.5577777777777775 27.76222222222222 13.93111111111111 -124.44944450580729 -113.90471350137072 121.69338527557477
3.5577777777777775 27.76222222222222 17.38888888888889 193.9751603957982 -126.83490428207654 -150.330679942687
3.5577777777777775 27.76222222222222 24.304444444444442 -146.44328246154436 121.54867431923905 -104.41335594095533
3.5577777777777775 27.76222222222222 27.76222222222222 -149.61130673997886 -166.1895030504126 -132.4432250086195
3.5577777777777775 31.22 0.1 -128.4508558515868 136.03140885740444 89.05787259401957
3.5577777777777775 31.22 3.5577777777777775 101.12810379954028 -158.773406720826 -109.44672095923634
3.5577777777777775 31.22 7.015555555555554 125.53261067773143 157.63093412906463 106.58901902918394
3.5577777777777775 31.22 10.473333333333331 -102.66495273124838 186.73548605751046 -169.5976354451402
3.5577777777777775 31.22 13.93111111111111 148.3133243022586 178.04381977171414 -169.9677311457844
3.5577777777777775 31.22 17.38888888888889 124.75360188813819 152.23838049842968 233.53184888192158
3.5577777777777775 31.22 20.846666666666664 128.67968993775412 136.08747463892072 140.0193319878234
3.5577777777777775 31.22 27.76222222222222 155.83529760598645 149.96287271047925 160.68180282934026
7.015555555555554 0.1 0.1 -160.80304252871647 -131.32424461894274 -92.91283466966289
7.015555555555554 0.1 7.015555555555554 110.57816525198935 167.5694527338422 -129.36896706094197
7.015555555555554 0.1 10.473333333333331 -80.59850508163505 -124.83979269536172 150.32510818131678
7.015555555555554 0.1 13.93111111111111 -109.22672015521529 135.73144172216465 -148.29214315849617
7.015555555555554 0.1 20.846666666666664 125.23619547903513 -139.61300242724874 -132.2762119668903
7.015555555555554 0.1 24.304444444444442 -104.62125222914143 150.0918663661752 -156.1438042085389
7.015555555555554 0.1 27.76222222222222 -90.51922859582322 -163.9126777018165 71.32624301943919
7.015555555555554 0.1 31.22 113.86169234142201 187.2768295128142 -69.4240377597359
7.015555555555554 3.5577777777777775 0.1 149.13915032123262 165.47494735995676 -156.27447536044704
7.015555555555554 3.5577777777777775 3.5577777777777775 -125.42076271070118 104.53269809753168 125.23017511995755
7.015555555555554 3.5577777777777775 7.015555555555554 -138.05236580612672 86.4366261609011 -126.3513899341615
7.015555555555554 3.5577777777777775 13.93111111111111 144.12539532823698 -160.27070436204122 -180.4991383786258
7.015555555555554 3.5577777777777775 17.38888888888889 131.8980183238561 -101.10807866967126 156.1146080671988
7.015555555555554 3.5577777777777775 20.846666666666664 208.90782368450925 -142.26623766631795 -143.66705880893153
7.015555555555554 3.5577777777777775 27.76222222222222 -102.85325513445501 168.876541059359 127.00836388092515
7.015555555555554 3.5577777777777775 31.22 158.05409826858747 -141.19435251824552 161.72616021902755
7.015555555555554 7.015555555555554 0.1 195.61667837639052 115.58694715251345 -109.50261386149384
7.015555555555554 7.015555555555554 3.5577777777777775 108.88397380841361 -147.40245338416167 -120.43861365906672
7.015555555555554 7.015555555555554 7.015555555555554 -101.21788585099449 198.200122604194 114.09228084647089
7.015555555555554 7.015555555555554 10.473333333333331 120.12492504845565 -137.82895546578067 138.6921432240059
7.015555555555554 7.015555555555554 13.93111111111111 100.79509563274812 -124.93673441598602 145.55331140258446
7.015555555555554 7.015555555555554 20.846666666666664 152.6729676133369 160.09336539225274 -135.22840056869663
7.015555555555554 7.015555555555554 24.304444444444442 185.97667662052572 -188.5479248191536 116.8870387654123
7.015555555555554 7.015555555555554 27.76222222222222 92.28077958482373 93.57765805513036 152.02287345507943
7.015555555555554 7.015555555555554 31.22 -126.0939282259233 101.2177814279114 117.37413243857176
7.015555555555554 10.473333333333331 0.1 154.6386920485715 -113.3609845832892 -121.2158836055846
7.015555555555554 10.473333333333331 3.5577777777777775 -131.12522418622535 -103.6191614184927 102.77595106064025
7.015555555555554 10.473333333333331 7.015555555555554 114.0290239186107 133.61986435164297 -143.5535193524823
7.015555555555554 10.473333333333331 10.473333333333331 156.64858936089584 121.76902598184799 99.93684178332056
7.015555555555554 10.473333333333331 13.93111111111111 122.40099710442831 169.777462802 169.57468776173812
7.015555555555554 10.473333333333331 17.38888888888889 107.29134358677209 154.59516616851505 -152.72191161629434
7.015555555555554 10.473333333333331 20.846666666666664 137.15988059596003 105.92225447618536 -101.57132359917577
7.015555555555554 10.473333333333331 24.304444444444442 134.5579218866048 162.14663360751587 -146.45832749111008
7.015555555555554 10.473333333333331 27.76222222222222 -144.77620643754267 -143.31996151098565 125.06479784772807
7.015555555555554 10.473333333333331 31.22 190.20692721704916 130.35608789739908 -135.90888299922833
7.015555555555554 13.93111111111111 0.1 -141.0235851674362 -85.22374235297801 -175.9295874368589
7.015555555555554 13.93111111111111 3.5577777777777775 -134.99669248057472 134.16291795175493 154.83004983475985
7.015555555555554 13.93111111111111 7.015555555555554 -210.32158469263524 -179.8948558003647 -145.6145999016903
7.015555555555554 13.93111111111111 10.473333333333331 -126.68716778181191 -110.9260287234363 142.05708061226358
7.015555555555554 13.93111111111111 13.93111111111111 -110.85127485996883 169.36459264967576 141.00768539548994
7.015555555555554 13.93111111111111 20.846666666666664 179.07084340961723 134.31429110463813 145.0739185707281
7.015555555555554 13.93111111111111 24.304444444444442 -157.03266268662324 159.3499266715343 -172.93110563354074
7.015555555555554 13.93111111111111 27.76222222222222 -161.50194941481658 182.75278196504658 -122.62341795900876
7.015555555555554 13.93111111111111 31.22 142.5607031186212 -133.2155577408283 135.1586294483252
7.015555555555554 17.38888888888889 0.1 115.67001958274123 -176.0224440518578 126.98799571342981
7.015555555555554 17.38888888888889 3.5577777777777775 -128.25496512074076 176.25711474247404 -138.15112924625024
7.015555555555554 17.38888888888889 7.015555555555554 -126.1215094282758 -118.65417414850404 161.72453947966585
7.015555555555554 17.38888888888889 10.473333333333331 141.98712112339553 -104.12401286121903 93.68702738483255
7.015555555555554 17.38888888888889 13.93111111111111 -174.68989941029116 118.53929623602745 112.40418064180666
7.015555555555554 17.38888888888889 17.38888888888889 -152.5997114913722 -124.24099877940593 118.48085070272126
7.015555555555554 17.38888888888889 20.846666666666664 -165.49027022063873 -181.5010108644752 -126.33103704127615
7.015555555555554 17.38888888888889 24.304444444444442 -162.94106023767475 -157.10012562585572 -171.4035731157882
7.015555555555554 17.38888888888889 27.76222222222222 139.77001395888541 146.9698148127024 -102.39179125218305
7.015555555555554 17.38888888888889 31.22 -131.18797506160053 163.98860545260607 -72.20414327723596
7.015555555555554 20.846666666666664 0.1 -144.48168084210505 -148.70646909702307 132.53825558148696
7.015555555555554 20.846666666666664 3.5577777777777775 138.92002821693103 164.96532353552303 -147.2598677000591
7.015555555555554 20.846666666666664 7.015555555555554 90.77318697552603 160.18537862240967 -136.011040333058
7.015555555555554 20.846666666666664 10.473333333333331 146.51025837458207 -99.32221486341383 -144.61242173143262
7.015555555555554 20.846666666666664 13.93111111111111 -115.50868859384619 110.11709001988216 -152.95573181102554
7.015555555555554 20.846666666666664 17.38888888888889 188.21074695241728 123.50632210113693 -131.31359804499954
7.015555555555554 20.846666666666664 20.846666666666664 117.65869344770708 132.67342811053035 -134.512103834436
7.015555555555554 20.846666666666664 24.304444444444442 -123.14234320846275 -146.28243838103805 -216.3402328695026
7.015555555555554 20.846666666666664 31.22 -138.17524653224714 -138.83971096244062 131.18641030798028
7.015555555555554 24.304444444444442 0.1 117.851240377435 135.33945690740862 149.9340235126657
7.015555555555554 24.304444444444442 7.015555555555554 -167.190881572171 111.93768051024615 139.51385992699502
7.015555555555554 24.304444444444442 10.473333333333331 -129.73732148295193 140.23205027181984 -184.6033827253599
7.015555555555554 24.304444444444442 13.93111111111111 113.15484974377718 -146.78368188444261 95.78585088240285
7.015555555555554 24.304444444444442 17.38888888888889 -145.16091956171465 -136.14758340367163 -100.81853231952564
7.015555555555554 24.304444444444442 20.846666666666664 127.54948233833983 104.33413418038727 -159.00683838482558
7.015555555555554 24.304444444444442 24.304444444444442 93.88051698354208 133.6661594056546 -123.51671937150142
7.015555555555554 24.304444444444442 27.76222222222222 177.44137891210696 150.51542096903353 -191.75534600218973
7.015555555555554 24.304444444444442 31.22 -136.24548642156103 123.04492951593872 158.53699610929016
7.015555555555554 27.76222222222222 0.1 -167.40626706575554 182.77067825535724 -117.48107784453487
7.015555555555554 27.76222222222222 3.5577777777777775 -154.27500213206966 159.73289951536924 116.04958559769251
7.015555555555554 27.76222222222222 7.015555555555554 -99.01020136295341 113.59915269616224 164.2232790096269
7.015555555555554 27.76222222222222 10.473333333333331 -116.8393575463052 162.9352663048508 112.885812868505
7.015555555555554 27.76222222222222 13.93111111111111 157.97425667502486 133.20297745497126 120.6214746710338
7.015555555555554 27.76222222222222 17.38888888888889 -175.80883298405854 -125.21973894705114 157.8469213112212
7.015555555555554 27.76222222222222 20.846666666666664 113.74208841788449 127.70471965866732 -72.14118588017895
7.015555555555554 27.76222222222222 24.304444444444442 84.38704246988499 -136.33741918133427 119.49739229560828
7.015555555555554 27.76222222222222 27.76222222222222 70.58771626320203 -161.09965555266461 -90.5686275614991
7.015555555555554 27.76222222222222 31.22 72.64159268637866 163.83484817544885 133.57931686419374
7.015555555555554 31.22 0.1 195.89669657419117 -129.39469851292588 130.19979552207167
7.015555555555554 31.22 3.5577777777777775 -117.88834160960798 -91.52982743335701 -167.43089183715216
7.015555555555554 31.22 7.015555555555554 108.82665451674815 -142.29097110169354 -98.74268708066425
7.015555555555554 31.22 13.93111111111111 189.9947909072094 110.0769217116421 148.0359788054363
7.015555555555554 31.22 17.38888888888889 -98.83532243238952 -150.5623579137316 127.59100545588328
7.015555555555554 31.22 20.846666666666664 -170.35525254917016 199.58894660447586 164.5772032471649
7.015555555555554 31.22 24.304444444444442 144.51100404713964 -116.47138173790411 143.20074051616385
7.015555555555554 31.22 27.76222222222222 -84.14795449936219 161.62528322610805 134.51470582572236
7.015555555555554 31.22 31.22 -139.82192246860455 -163.16105780818728 -156.6411881001792
10.473333333333331 0.1 0.1 170.1840529455349 -168.851307406206 187.97133270326916
10.473333333333331 0.1 3.5577777777777775 -182.52046806800405 136.29539807996488 178.17783997340186
10.473333333333331 0.1 7.015555555555554 166.34152610915345 115.17707638953148 82.40203758135858
10.473333333333331 0.1 10.473333333333331 137.6619019649756 89.73071851360237 -153.39647088078013
10.473333333333331 0.1 17.38888888888889 124.6559364092431 118.67825084953269 87.87570743536152
10.473333333333331 0.1 20.846666666666664 121.02691257939337 140.74220369573828 244.4840715801881
10.473333333333331 0.1 24.304444444444442 173.7065301284302 -131.36012578981948 103.21513406005539
10.473333333333331 0.1 27.76222222222222 -146.87658654467944 -123.38481123670554 136.13873803197794
10.473333333333331 0.1 31.22 157.1426699413357 -120.03366994770886 -169.99264908849835
10.473333333333331 3.5577777777777775 0.1 131.69359707805302 -167.3406683118012 -163.9370272584762
10.473333333333331 3.5577777777777775 3.5577777777777775 165.17839741422418 -164.06763465236335 126.2422873645536
10.473333333333331 3.5577777777777775 7.015555555555554 136.88250959238366 122.11975729719728 -162.84024798158066
10.473333333333331 3.5577777777777775 10.473333333333331 -116.55760331408888 -110.40180711502265 164.24598823514285
10.473333333333331 3.5577777777777775 17.38888888888889 135.23925495356463 -134.68786267485896 127.78998200811355
10.473333333333331 3.5577777777777775 24.304444444444442 75.27322378486363 -153.5075777976183 128.46452675056858
10.473333333333331 3.5577777777777775 27.76222222222222 -180.41594598039774 -123.86445427932749 -113.37517256383678
10.473333333333331 3.5577777777777775 31.22 124.66462707445777 -167.42323988777653 123.58150336249216
10.473333333333331 7.015555555555554 0.1 151.65238132255038 -143.68966425483663 110.05805961486394
10.473333333333331 7.015555555555554 3.5577777777777775 157.69644463571066 -105.71644654096954 -127.20297670821614
10.473333333333331 7.015555555555554 7.015555555555554 -155.95734779177505 138.606785974688 180.07071951790581
10.473333333333331 7.015555555555554 10.473333333333331 155.5657064697639 157.552700848968 -158.8064278671024
10.473333333333331 7.015555555555554 13.93111111111111 -161.17794033652217 -161.93091302126606 -170.79367178508048
10.473333333333331 7.015555555555554 17.38888888888889 -139.58409765363837 -103.86133025156728 155.20890344502996
10.473333333333331 7.015555555555554 20.846666666666664 -165.5265854995265 -125.88371160189976 -107.0316990148507
10.473333333333331 7.015555555555554 24.304444444444442 -101.75182696694641 -115.54840251946469 88.2407970264063
10.473333333333331 7.015555555555554 27.76222222222222 -159.9360905834122 94.21493784457664 -154.56846977347953
10.473333333333331 7.015555555555554 31.22 162.9917952660772 121.50394769246225 170.7258312546075
10.473333333333331 10.473333333333331 0.1 166.55952708424425 170.58619180507225 97.24145414729432
10.473333333333331 10.473333333333331 3.5577777777777775 -125.55223659377066 -137.5043255545534 -143.15473897377427
10.473333333333331 10.473333333333331 7.015555555555554 150.58482016686787 -148.60460047733847 121.17375112700135
10.473333333333331 10.473333333333331 10.473333333333331 -126.00657757515694 -81.78348570578503 -146.38184534320797
10.473333333333331 10.473333333333331 13.93111111111111 -142.58334968676698 142.93524112102492 -128.35774104636363
10.473333333333331 10.473333333333331 17.38888888888889 -128.4192323662703 208.75793409031925 -163.43731384612835
10.473333333333331 10.473333333333331 24.304444444444442 85.5091299381989 -122.6814635868241 -91.92869087972522
10.473333333333331 10.473333333333331 27.76222222222222 -84.22178975538996 -205.14445670968215 -143.0291842571509
10.473333333333331 10.473333333333331 31.22 -161.9580699752094 -119.90292396433756 -131.81360519464786
10.473333333333331 13.93111111111111 0.1 -134.22895559978335 124.32874980977194 127.73702571461422
10.473333333333331 13.93111111111111 3.5577777777777775 153.62537980599004 -69.87801972562754 -114.66290700066108
10.473333333333331 13.93111111111111 7.015555555555554 -135.0579031353833 -174.3268538106825 -115.54682222711929
10.473333333333331 13.93111111111111 10.473333333333331 167.01834181996853 -152.29710175611808 -165.3142233061212
10.473333333333331 13.93111111111111 13.93111111111111 -156.4216090632903 -122.66607187299205 126.24811455899396
10.473333333333331 13.93111111111111 17.38888888888889 -153.23710307804134 -81.61703372560024 205.8382809323656
10.473333333333331 13.93111111111111 20.846666666666664 159.0634930770371 -138.25061347349106 81.99458130425954
10.473333333333331 13.93111111111111 24.304444444444442 -127.90290922911126 187.53579958823076 91.48854980452266
10.473333333333331 13.93111111111111 27.76222222222222 -173.56026940734677 148.2276895571139 -131.66806274935047
10.473333333333331 13.93111111111111 31.22 133.53744847641178 -121.10755946116063 -207.88795396927028
10.473333333333331 17.38888888888889 0.1 -126.1692188530598 145.54892789011163 -83.69193476266076
10.473333333333331 17.38888888888889 3.5577777777777775 193.51931939642807 151.98928840922355 -146.67114275504758
10.473333333333331 17.38888888888889 7.015555555555554 -191.10398496371786 144.45460738633753 113.94078858984147
10.473333333333331 17.38888888888889 10.473333333333331 -141.02038647373809 141.82719486711653 -136.56338542148254
10.473333333333331 17.38888888888889 13.93111111111111 168.1530549114745 -142.77959818548976 70.19563176347016
10.473333333333331 17.38888888888889 20.846666666666664 -191.45831748845228 -173.39093803445 -187.24187711780402
10.473333333333331 17.38888888888889 24.304444444444442 139.50930447116434 -100.09988539603832 -119.73348694634021
10.473333333333331 17.38888888888889 27.76222222222222 56.72050200901561 -91.75819587806738 112.472394491125
10.473333333333331 17.38888888888889 31.22 133.86339887964195 109.74788830197024 -116.85973246121985
10.473333333333331 20.846666666666664 0.1 -165.03468950202893 115.87388991150468 -159.55121788866325
10.473333333333331 20.846666666666664 10.473333333333331 -108.09199532143121 -134.21917781378485 118.24221364379176
10.473333333333331 20.846666666666664 13.93111111111111 -145.26302421125482 -106.70633065087426 -153.46586012603277
10.473333333333331 20.846666666666664 17.38888888888889 -133.19262022714125 -165.60867150392767 -147.89982607338086
10.473333333333331 20.846666666666664 20.846666666666664 -99.63483073793381 99.59885838659876 167.48942692911498
10.473333333333331 20.846666666666664 24.304444444444442 -189.47685095211838 -132.21903672067782 -123.8980452956215
10.473333333333331 20.846666666666664 27.76222222222222 -147.1159194111867 124.35032757917024 -141.47217293666534
10.473333333333331 20.846666666666664 31.22 141.2117716954429 150.3061697136075 132.57154776102922
10.473333333333331 24.304444444444442 0.1 154.9283439002577 122.28853973419463 -164.33345319090776
10.473333333333331 24.304444444444442 3.5577777777777775 -155.84637787585555 -95.56454655538025 168.8267019939928
10.473333333333331 24.304444444444442 7.015555555555554 164.780934245021 105.4691796178587 85.92127847608506
10.473333333333331 24.304444444444442 10.473333333333331 162.60468717093838 204.24082550237682 137.50888237133555
10.473333333333331 24.304444444444442 13.93111111111111 165.14329398708253 129.37109680732883 181.15553084288587
10.473333333333331 24.304444444444442 17.38888888888889 89.6256558390923 123.70801209936346 -117.47281012838587
10.473333333333331 24.304444444444442 20.846666666666664 139.5742538243445 -95.6694142179639 65.997266320918
10.473333333333331 24.304444444444442 24.304444444444442 -123.533322213995 -136.20246643422183 -177.26522001068807
10.473333333333331 24.304444444444442 27.76222222222222 -123.23532742756866 136.47815825559127 125.75781258587016
10.473333333333331 24.304444444444442 31.22 154.5198948292434 -166.88176073759274 -144.57108964764873
10.473333333333331 27.76222222222222 0.1 -103.41136287262266 87.77937781404576 -125.36395330346048
10.473333333333331 27.76222222222222 3.5577777777777775 148.99502541153416 172.41853430490085 -121.89525694620121
10.473333333333331 27.76222222222222 7.015555555555554 -107.58309933355493 124.44870019935412 -176.0777301808506
10.473333333333331 27.76222222222222 10.473333333333331 117.59639833511145 124.26552047181279 -176.67395936045773
10.473333333333331 27.76222222222222 13.93111111111111 -101.69942194506247 -161.64051299157222 127.75730452641326
10.473333333333331 27.76222222222222 17.38888888888889 -139.57149850891548 140.8191050308269 -151.59065162558872
10.473333333333331 27.76222222222222 20.846666666666664 143.63745272552075 -159.15996336758374 -160.95765445869569
10.473333333333331 27.76222222222222 24.304444444444442 119.84224996849505 -174.44360099592447 -119.31746553134707
10.473333333333331 27.76222222222222 31.22 159.54755005301118 173.070389286428 117.16244608711263
10.473333333333331 31.22 0.1 191.01061512698098 119.32823037101214 -160.77666703959005
10.473333333333331 31.22 3.5577777777777775 -107.35695902391345 141.19369729867464 115.56272254421584
10.473333333333331 31.22 7.015555555555554 172.0143478714301 -149.79599500225868 -125.15166288313871
10.473333333333331 31.22 10.473333333333331 -125.13370377816375 139.58058295572928 -126.90960776431656
10.473333333333331 31.22 13.93111111111111 -134.6406689827465 -157.43230554358223 -106.67689035392416
10.473333333333331 31.22 17.38888888888889 -154.7230301129306 108.14505349694954 145.08568389354457
10.473333333333331 31.22 20.846666666666664 137.0457366053848 -102.96717903047055 -130.71634773133545
10.473333333333331 31.22 24.304444444444442 -157.88440003116472 -86.39362631649433 -130.91851994389958
10.473333333333331 31.22 27.76222222222222 -64.70652238757599 -195.78763017272502 174.17981515111842
10.473333333333331 31.22 31.22 -100.36649739486525 -150.42374744925115 136.747115397577
13.93111111111111 0.1 0.1 173.9960192462415 197.99145786752035 -134.69289158392246
13.93111111111111 0.1 3.5577777777777775 130.26255108990708 -127.95828261769215 -98.88097402403498
13.93111111111111 0.1 7.015555555555554 -187.64725517437213 -148.15169770830838 133.10372473868676
13.93111111111111 0.1 13.93111111111111 -108.93684912376004 -84.62114078920027 -134.0052249151544
13.93111111111111 0.1 17.38888888888889 113.49720252664711 145.58994797729295 134.3191955469402
13.93111111111111 0.1 20.846666666666664 -109.95261490258642 -110.89001171388573 96.01803823260329
13.93111111111111 0.1 24.304444444444442 -74.76715872042537 86.01818968682772 180.53646588236967
13.93111111111111 0.1 27.76222222222222 -124.80214633555767 -176.95786441061867 131.4249689434403
13.93111111111111 0.1 31.22 94.59742328403392 -154.1071131125403 111.00088196788039
13.93111111111111 3.5577777777777775 0.1 -155.32445575321287 126.72286831583556 -160.318807711825
13.93111111111111 3.5577777777777775 3.5577777777777775 -112.92892317422431 -189.85310466587921 106.8586219364335
13.93111111111111 3.5577777777777775 7.015555555555554 -135.86855444297728 -174.6442929524254 187.66629877693092
13.93111111111111 3.5577777777777775 10.473333333333331 -172.64113437468797 120.54667472874131 100.60445793622858
13.93111111111111 3.5577777777777775 17.38888888888889 -141.7173504157073 121.39108764187766 -156.7632747255949
13.93111111111111 3.5577777777777775 20.846666666666664 -149.19532579586564 176.7141287239154 120.96301000584359
13.93111111111111 3.5577777777777775 24.304444444444442 -96.29193567125266 -147.89278389852424 126.62440570388665
13.93111111111111 3.5577777777777775 27.76222222222222 121.20352696170633 -164.2688251777538 -125.20729698886116
13.93111111111111 3.5577777777777775 31.22 -162.01415326143652 157.07299911639353 166.63614846622482
13.93111111111111 7.015555555555554 0.1 76.3512765338197 170.4392262044876 157.930714394671
13.93111111111111 7.015555555555554 3.5577777777777775 -163.0294157212997 -94.85933101995248 147.75154541104502
13.93111111111111 7.015555555555554 7.015555555555554 -114.19702347162428 -128.07244564209518 -174.5138926883203
13.93111111111111 7.015555555555554 10.473333333333331 173.97135050574568 156.39392354586838 51.99838546412401
13.93111111111111 7.015555555555554 13.93111111111111 153.7175006102037 -95.162763520918 124.24026653296761
13.93111111111111 7.015555555555554 17.38888888888889 -112.8511466973517 147.32186627827716 -141.1556054203542
13.93111111111111 7.015555555555554 20.846666666666664 166.7413588056933 -149.46405854067902 175.8325812610582
13.93111111111111 7.015555555555554 24.304444444444442 -155.0054414458566 125.85582634544718 -143.86472815210334
13.93111111111111 7.015555555555554 27.76222222222222 -149.82870308009012 124.99427945453233 -141.5635589698314
13.93111111111111 7.015555555555554 31.22 -141.11511896298023 112.33675670131319 -135.1030538204669
13.93111111111111 10.473333333333331 0.1 177.03672007341711 114.43413596440394 -141.0494355589637
13.93111111111111 10.473333333333331 3.5577777777777775 109.76259173351423 92.04535383938732 159.14935565788855
13.93111111111111 10.473333333333331 7.015555555555554 60.924667955501675 -114.69505834209049 -167.05267830174822
13.93111111111111 10.473333333333331 10.473333333333331 116.24487954027462 -115.91016458299937 126.71232796683213
13.93111111111111 10.473333333333331 13.93111111111111 115.0014682986616 -114.71611192975442 146.89060434317213
13.93111111111111 10.473333333333331 17.38888888888889 -142.86547439628768 -145.39165140594656 127.49342146340236
13.93111111111111 10.473333333333331 20.846666666666664 145.4357508866381 -146.92465801780435 -104.92444611110423
13.93111111111111 10.473333333333331 24.304444444444442 -126.03304082498268 162.60917160596722 -120.0633930092433
13.93111111111111 10.473333333333331 27.76222222222222 151.38889041947056 107.15346157835218 134.22965041579891
13.93111111111111 13.93111111111111 0.1 130.27363691009185 157.03911325661906 -160.52908069119948
13.93111111111111 13.93111111111111 3.5577777777777775 -149.8386438992075 -115.99374208599686 100.28014270117127
13.93111111111111 13.93111111111111 7.015555555555554 185.60970841742412 -158.7782404646596 149.5856107406181
13.93111111111111 13.93111111111111 10.473333333333331 91.01205979243707 -118.3536871572713 118.86383198157196
13.93111111111111 13.93111111111111 17.38888888888889 -98.87827464079136 99.03286916345665 -142.5127356470628
13.93111111111111 13.93111111111111 20.846666666666664 136.44706815185293 -114.57833382601922 131.57930456071216
13.93111111111111 13.93111111111111 24.304444444444442 -173.39867914489287 -84.48282146944707 81.5967177231777
13.93111111111111 13.93111111111111 27.76222222222222 -148.90989716890437 -119.44289895242136 98.18817525028206
13.93111111111111 13.93111111111111 31.22 163.36381846066854 109.46200355718794 -121.15697083064018
13.93111111111111 17.38888888888889 0.1 76.13492935439913 -89.52969233405875 174.66471670275115
13.93111111111111 17.38888888888889 3.5577777777777775 164.83655865448935 143.53861327630003 82.50232642806151
13.93111111111111 17.38888888888889 10.473333333333331 100.75798938574582 -114.91322855791523 -196.61268148668995
13.93111111111111 17.38888888888889 13.93111111111111 -146.736884222619 146.69893598989086 -123.93230341276403
13.93111111111111 17.38888888888889 17.38888888888889 -128.90144030797669 -86.86113046505737 -155.86067691305155
13.93111111111111 17.38888888888889 20.846666666666664 -179.08721380631098 123.50752038142633 -87.1079778274973
13.93111111111111 17.38888888888889 24.304444444444442 191.4295698321388 105.8134301098315 138.23864896035948
13.93111111111111 17.38888888888889 27.76222222222222 147.10126722114708 48.31548620807292 -148.28226453837692
13.93111111111111 20.846666666666664 0.1 -138.2915474833092 -195.19350844038223 135.78955702636273
13.93111111111111 20.846666666666664 7.015555555555554 -120.20297333365005 122.92228474254313 185.49749371653968
13.93111111111111 20.846666666666664 13.93111111111111 100.15717974139346 106.9027259645911 149.38215830244576
13.93111111111111 20.846666666666664 17.38888888888889 141.2569330046805 -164.21831762432592 167.71622937681576
13.93111111111111 20.846666666666664 20.846666666666664 78.54275156710256 -144.14266967543773 130.96983425717644
13.93111111111111 20.846666666666664 24.304444444444442 175.96468944683468 -106.29844643842307 109.37376441422255
13.93111111111111 20.846666666666664 27.76222222222222 153.93352071406227 167.84842618663725 190.05654216909014
13.93111111111111 20.846666666666664 31.22 156.75406859979782 183.33937478489958 -117.77204099941079
13.93111111111111 24.304444444444442 0.1 -121.59076345336163 124.04204211907546 -155.55198182025939
13.93111111111111 24.304444444444442 3.5577777777777775 -142.35383836352466 -139.7591232718253 137.9058320340324
13.93111111111111 24.304444444444442 7.015555555555554 161.76397225390912 -102.27465616329505 114.88080993928611
13.93111111111111 24.304444444444442 10.473333333333331 128.78213070930155 -130.7515538212941 -86.60382649667783
13.93111111111111 24.304444444444442 13.93111111111111 -167.87952232798247 149.69714467067973 113.74478934498772
13.93111111111111 24.304444444444442 17.38888888888889 -136.88526819573244 131.74998774719037 -82.77859348868526
13.93111111111111 24.304444444444442 20.846666666666664 -89.42912097514805 -84.37340844146694 -117.31938704678105
13.93111111111111 24.304444444444442 24.304444444444442 145.2302958191051 -182.41838376953783 127.62962125090509
13.93111111111111 24.304444444444442 27.76222222222222 -109.35984594847972 -184.4155264350307 -101.61531738987615
13.93111111111111 27.76222222222222 0.1 -124.59074443964562 97.82305827000195 -126.51324104964468
13.93111111111111 27.76222222222222 3.5577777777777775 104.23873743599812 160.6073863037031 121.48124314299459
13.93111111111111 27.76222222222222 7.015555555555554 179.66451553613436 -118.34638658384999 174.18351552301385
13.93111111111111 27.76222222222222 10.473333333333331 158.7750603359437 -90.03514536307205 125.09763495470071
13.93111111111111 27.76222222222222 13.93111111111111 178.75168065438535 104.04497321970302 180.58566323696277
13.93111111111111 27.76222222222222 17.38888888888889 -165.53704832985005 151.42992246217366 85.70239021803039
13.93111111111111 27.76222222222222 20.846666666666664 -181.12129085541866 -171.38394415863658 156.71526413133276
13.93111111111111 27.76222222222222 24.304444444444442 115.0889131978334 -128.0850518648378 127.63612388181636
13.93111111111111 27.76222222222222 27.76222222222222 -107.06950190934819 142.80854080767972 98.70088300139726
13.93111111111111 27.76222222222222 31.22 -179.28218712569085 -161.91604315576078 -177.2071118189145
13.93111111111111 31.22 0.1 -177.83746733128152 129.58843831935016 -173.88296400767024
13.93111111111111 31.22 3.5577777777777775 163.41894382341448 -160.0544277778352 -127.13734761969727
13.93111111111111 31.22 7.015555555555554 160.46892958370856 176.0638092190483 98.46699803441459
13.93111111111111 31.22 10.473333333333331 -95.65315353361933 128.5952836126159 -189.46107710374756
13.93111111111111 31.22 13.93111111111111 -153.5980125753538 -161.54210857999607 -138.11402633198347
13.93111111111111 31.22 17.38888888888889 144.47358589821656 106.73319498524883 96.50793930392008
13.93111111111111 31.22 20.846666666666664 112.00278356437555 -100.44140305756225 103.03442467623233
13.93111111111111 31.22 24.304444444444442 118.41550133722436 127.1547585948078 164.50104221894182
13.93111111111111 31.22 27.76222222222222 126.39762034974679 -150.2651967954262 135.78775675294986
13.93111111111111 31.22 31.22 194.42579601604382 135.60510496351043 -239.05510940091935
17.38888888888889 0.1 3.5577777777777775 158.3680770436986 152.18504036795713 -136.23050030782568
17.38888888888889 0.1 7.015555555555554 -188.5750294403248 166.97372899617667 -115.96070239723015
17.38888888888889 0.1 10.473333333333331 129.7008088447583 96.25539219427318 -72.20355490640695
17.38888888888889 0.1 13.93111111111111 -162.34307085802237 -176.24197358681366 160.3813825830164
17.38888888888889 0.1 17.38888888888889 134.57008397262868 -142.60860333272598 -102.17761054987936
17.38888888888889 0.1 20.846666666666664 -134.6408189517244 -197.78305422177542 161.915106539152
17.38888888888889 0.1 24.304444444444442 -146.97562369032778 137.86797127337644 -172.73152566680253
17.38888888888889 0.1 31.22 128.7642848433993 -142.36029256553255 -173.2720724880548
17.38888888888889 3.5577777777777775 0.1 112.12362540608083 198.98961378548572 -152.02241367337297
17.38888888888889 3.5577777777777775 3.5577777777777775 -116.86094279050404 -171.76734605641093 208.87615108677696
17.38888888888889 3.5577777777777775 7.015555555555554 173.72920051772067 102.87927169940357 -162.58263337772075
17.38888888888889 3.5577777777777775 10.473333333333331 122.74490130003738 -127.57563221915554 -123.7878138107916
17.38888888888889 3.5577777777777775 13.93111111111111 109.56988446532071 -133.1970166986742 163.0056958556077
17.38888888888889 3.5577777777777775 20.846666666666664 140.46492900629687 134.1257935121937 51.270513054740604
17.38888888888889 3.5577777777777775 24.304444444444442 100.27443046583886 165.15819846698056 164.3017557344412
17.38888888888889 3.5577777777777775 27.76222222222222 -177.81976187675068 -127.42745706643332 -156.28754895139122
17.38888888888889 3.5577777777777775 31.22 -106.12174794530758 141.04860212682385 -114.56295550378276
17.38888888888889 7.015555555555554 0.1 -135.4800652086655 126.20150629390275 193.8789255598849
17.38888888888889 7.015555555555554 3.5577777777777775 121.02306462696468 -148.7023441237372 120.349431218212
17.38888888888889 7.015555555555554 10.473333333333331 91.60756892543043 -171.0705714277522 -163.3959952029913
17.38888888888889 7.015555555555554 13.93111111111111 -206.2004400617421 170.60855438883317 182.16222752062353
17.38888888888889 7.015555555555554 17.38888888888889 -170.0679517594968 -135.32735420671145 156.56359689126833
17.38888888888889 7.015555555555554 20.846666666666664 159.89985816524617 178.63130740569406 -125.2623804287127
17.38888888888889 7.015555555555554 24.304444444444442 119.28647192678264 -133.72322232586953 97.81795995018378
17.38888888888889 7.015555555555554 31.22 151.54455334160548 153.73195886434615 184.5130897257742
17.38888888888889 10.473333333333331 0.1 109.96594834775145 133.99219972749225 123.95752090181163
17.38888888888889 10.473333333333331 3.5577777777777775 166.1921170830602 165.56439951434183 114.48372943908548
17.38888888888889 10.473333333333331 7.015555555555554 169.11479484660939 -182.22522746404357 144.08494150819212
17.38888888888889 10.473333333333331 10.473333333333331 137.8292433973357 130.46360712460893 117.4010147675324
17.38888888888889 10.473333333333331 13.93111111111111 125.75754204900646 90.15062199785405 -168.13912318720682
17.38888888888889 10.473333333333331 17.38888888888889 -104.82819760166595 128.55352040019602 93.36650527698423
17.38888888888889 10.473333333333331 20.846666666666664 -141.66735028339008 -107.97919437427593 135.3480294321698
17.38888888888889 10.473333333333331 24.304444444444442 -141.62001284469284 149.7084937224638 131.06194937615552
17.38888888888889 10.473333333333331 31.22 -130.31050551084098 148.14671191661404 123.71055323205591
17.38888888888889 13.93111111111111 0.1 -132.0948956852367 -151.34340047138667 -161.8904165389595
17.38888888888889 13.93111111111111 3.5577777777777775 -125.47639984762947 -165.7282899207499 -100.21725151244819
17.38888888888889 13.93111111111111 13.93111111111111 -137.37844199026205 -130.77894382967295 -142.56221776758534
17.38888888888889 13.93111111111111 17.38888888888889 149.6761962451581 107.91934730006854 -184.84226320683138
17.38888888888889 13.93111111111111 20.846666666666664 -110.16941469493138 -145.5135852198229 -167.90221942689277
17.38888888888889 13.93111111111111 24.304444444444442 -142.0189411080454 84.40060529836596 -137.86290805379696
17.38888888888889 13.93111111111111 27.76222222222222 111.72728953923018 122.65753402992694 101.84580066059252
17.38888888888889 13.93111111111111 31.22 189.079365882058 79.77284097388264 133.12161858632476
17.38888888888889 17.38888888888889 0.1 -167.4810146564007 -121.30324233064334 -97.22214822242
17.38888888888889 17.38888888888889 3.5577777777777775 143.0211856857894 -127.67796118867953 114.0661183023379
17.38888888888889 17.38888888888889 7.015555555555554 -105.1897903212141 -112.3668262291044 122.48343662162493
17.38888888888889 17.38888888888889 10.473333333333331 -160.46615998997032 -157.28213651557957 168.91226113397423
17.38888888888889 17.38888888888889 13.93111111111111 188.68308240327465 -142.95308630408368 -124.459063426648
17.38888888888889 17.38888888888889 17.38888888888889 -120.62207991317408 -137.9082158849138 -115.68346749370839
17.38888888888889 17.38888888888889 20.846666666666664 -142.9068771916105 156.44640075769246 138.57926825576627
17.38888888888889 17.38888888888889 24.304444444444442 -158.9767852161228 164.81151071000608 131.5010194321392
17.38888888888889 17.38888888888889 27.76222222222222 134.9329255423134 148.00284433849288 127.03239837609384
17.38888888888889 17.38888888888889 31.22 148.23912699186877 -112.67848975780448 107.25338449105745
17.38888888888889 20.846666666666664 0.1 -136.666541950531 -106.50957377959155 -136.5906614949247
17.38888888888889 20.846666666666664 3.5577777777777775 135.65694933641439 169.1679165740645 118.34663962030714
17.38888888888889 20.846666666666664 7.015555555555554 141.28254884300276 -101.71920619870616 104.9534861508723
17.38888888888889 20.846666666666664 10.473333333333331 142.06890314239243 164.40202508835088 131.46927889553032
17.38888888888889 20.846666666666664 13.93111111111111 132.12682357359878 -139.12845222651168 -123.04289525878615
17.38888888888889 20.846666666666664 17.38888888888889 119.00463616932046 -158.45056763755468 126.64516491307481
17.38888888888889 20.846666666666664 20.846666666666664 -113.63652781726346 -94.5513140430229 173.16693255109698
17.38888888888889 20.846666666666664 27.76222222222222 135.8278326409702 105.25938548495245 188.5621296348908
17.38888888888889 20.846666666666664 31.22 141.12265270786725 118.72659614559407 -212.6673891852872
17.38888888888889 24.304444444444442 3.5577777777777775 83.25572173485259 152.62087835233174 -131.23519514856315
17.38888888888889 24.304444444444442 7.015555555555554 -105.78927392743863 111.11359100479528 186.02904103205313
17.38888888888889 24.304444444444442 13.93111111111111 -120.67113554464318 97.72133352964609 116.2990910130554
17.38888888888889 24.304444444444442 17.38888888888889 91.53195457988923 -101.85141006760495 124.38241795841103
17.38888888888889 24.304444444444442 20.846666666666664 123.93431066102957 144.5012563200903 150.51885328853967
17.38888888888889 24.304444444444442 24.304444444444442 152.60539091629263 153.13372239157633 -114.14922380164863
17.38888888888889 24.304444444444442 27.76222222222222 -133.54857132033408 116.59397597157371 -146.64574127112334
17.38888888888889 24.304444444444442 31.22 153.44610079132397 -160.41947320775773 -132.56784728626948
17.38888888888889 27.76222222222222 0.1 -110.69010445249701 116.09939838514802 -128.98479315887536
17.38888888888889 27.76222222222222 3.5577777777777775 -116.58689519219314 -155.05579445114557 -142.86168000836568
17.38888888888889 27.76222222222222 7.015555555555554 -151.13907003176212 -116.60186605588812 -175.32547221438944
17.38888888888889 27.76222222222222 13.93111111111111 -122.47247702935641 -173.1808751092261 108.4341158686695
17.38888888888889 27.76222222222222 17.38888888888889 -68.22257085561685 -150.12748236584707 183.62708527144736
17.38888888888889 27.76222222222222 20.846666666666664 -111.12112439980346 -157.31807534448905 145.80805229762754
17.38888888888889 27.76222222222222 24.304444444444442 -151.18953541137034 -130.9145578226781 -101.40910775096594
17.38888888888889 27.76222222222222 27.76222222222222 136.58363429176083 71.42854425631582 138.69495309813064
17.38888888888889 27.76222222222222 31.22 150.40346205902435 -153.8794281413682 -133.66959353975048
17.38888888888889 31.22 0.1 -181.40576266544758 -173.30646406788355 -148.13876653763165
17.38888888888889 31.22 3.5577777777777775 120.54786362047125 170.05127805540008 -155.42476560307892
17.38888888888889 31.22 7.015555555555554 -109.8293726470924 -120.09577310622721 -174.10623789207526
17.38888888888889 31.22 17.38888888888889 207.68780277647906 -190.0790101274477 -83.11686967173705
17.38888888888889 31.22 20.846666666666664 111.61711301481046 87.01987856561263 156.17790687365263
17.38888888888889 31.22 24.304444444444442 -226.89677502433855 185.47012185146178 -125.02865997205171
17.38888888888889 31.22 27.76222222222222 169.63092708265634 144.15873875699793 -98.33504216386727
17.38888888888889 31.22 31.22 -103.65040308073371 -127.00577612719944 -163.034017759584
20.846666666666664 0.1 0.1 134.9193286841182 155.70251640391126 119.02897112441838
20.846666666666664 0.1 3.5577777777777775 -121.01435282565058 -211.6471060222141 -168.94042131944556
20.846666666666664 0.1 7.015555555555554 114.89636141874402 122.55220102575134 176.8838216785135
20.846666666666664 0.1 10.473333333333331 83.80363626122696 164.43576528291064 153.58657801618193
20.846666666666664 0.1 13.93111111111111 167.85692579529646 -181.68184336681878 -140.20996920120655
20.846666666666664 0.1 17.38888888888889 144.29557913933687 162.72097885103804 -124.35208434475466
20.846666666666664 0.1 24.304444444444442 -146.79910742713875 123.40497578903873 -148.94403558677374
20.846666666666664 0.1 27.76222222222222 144.6673104823644 -105.50514740037714 145.56894337474847
20.846666666666664 0.1 31.22 -144.43133090575083 91.6198280093066 -152.0606209942489
20.846666666666664 3.5577777777777775 0.1 150.67274545248281 141.54388162014274 -84.701191150509
20.846666666666664 3.5577777777777775 3.5577777777777775 153.96661183652085 -173.6718916577222 -144.59663860418883
20.846666666666664 3.5577777777777775 7.015555555555554 -122.66034706936004 -137.7810980737194 -159.17733374634764
20.846666666666664 3.5577777777777775 10.473333333333331 -126.1758974181247 86.01666523933903 -105.30812082184009
20.846666666666664 3.5577777777777775 13.93111111111111 -77.11296284362207 126.48755588925331 -141.28853540753772
20.846666666666664 3.5577777777777775 17.38888888888889 -125.51299450329338 -121.451260741148 -147.78475241081287
20.846666666666664 3.5577777777777775 24.304444444444442 136.6225604151648 131.78105006472393 116.98304871804179
20.846666666666664 3.5577777777777775 27.76222222222222 166.49432880920753 143.7592263959932 187.17462823400172
20.846666666666664 3.5577777777777775 31.22 127.21939055499544 141.14678705929535 -152.79156854192448
20.846666666666664 7.015555555555554 0.1 -82.45772657123734 -123.87112250473096 -141.2569023195246
20.846666666666664 7.015555555555554 3.5577777777777775 125.4678085685205 108.88570992850048 -128.01500963395335
20.846666666666664 7.015555555555554 7.015555555555554 128.56509234105812 -103.98175266101062 119.23549688647546
20.846666666666664 7.015555555555554 10.473333333333331 -202.05768575150393 91.41908634744172 136.11139761721174
20.846666666666664 7.015555555555554 13.93111111111111 144.65738192434603 -121.98282199401721 133.34483453704382
20.846666666666664 7.015555555555554 17.38888888888889 -143.97101597911407 118.19647879745882 -136.42012117581044
20.846666666666664 7.015555555555554 20.846666666666664 -175.31964606010334 144.55259293552427 126.45246816561557
20.846666666666664 7.015555555555554 24.304444444444442 -125.12533902184805 -135.617450990177 -110.5482196022777
20.846666666666664 7.015555555555554 31.22 -139.02142847506383 139.10284333896152 134.92540522444628
20.846666666666664 10.473333333333331 0.1 -138.23324764234513 148.7570885998714 -128.53258995420654
20.846666666666664 10.473333333333331 3.5577777777777775 -209.60604805359634 124.4227328687554 -97.9404617343245
20.846666666666664 10.473333333333331 7.015555555555554 -133.040944881303 -127.18113259641913 109.31809691427486
20.846666666666664 10.473333333333331 10.473333333333331 -104.02949063608209 -163.89565873302587 -157.68235317467483
20.846666666666664 10.473333333333331 13.93111111111111 -129.13360441164014 132.80498595340902 171.21550596404035
20.846666666666664 10.473333333333331 17.38888888888889 175.0250208238744 -158.84508096620877 -132.97863295671246
20.846666666666664 10.473333333333331 20.846666666666664 165.44282847368228 129.49872449549682 140.739907189419
20.846666666666664 10.473333333333331 24.304444444444442 126.8486009050739 128.04059585658385 113.18672853910013
20.846666666666664 13.93111111111111 0.1 -122.7369011698898 140.23357057595805 -143.1255905003472
20.846666666666664 13.93111111111111 3.5577777777777775 -100.99820801915173 190.36441881602852 150.72955288807523
20.846666666666664 13.93111111111111 7.015555555555554 139.74933807489023 119.91365457853927 165.31609221573774
20.846666666666664 13.93111111111111 10.473333333333331 86.991362945495 -157.71420312063591 -115.12915468182759
20.846666666666664 13.93111111111111 13.93111111111111 92.01585910397128 -144.8631407881232 -134.1060862417243
20.846666666666664 13.93111111111111 17.38888888888889 -153.74656912323897 -169.92947904716746 -137.0674763208515
20.846666666666664 13.93111111111111 20.846666666666664 180.24492517453652 -151.7478419798675 -163.2512014401055
20.846666666666664 13.93111111111111 24.304444444444442 80.29829711480772 144.43340467129897 -139.491002287483
20.846666666666664 13.93111111111111 27.76222222222222 -154.32538126860882 -135.74924228435643 183.20838113466462
20.846666666666664 13.93111111111111 31.22 165.1886806196076 122.23067261318529 -62.08794368624482
20.846666666666664 17.38888888888889 0.1 -80.12279090723206 -160.85789422879716 -129.11141191773334
20.846666666666664 17.38888888888889 3.5577777777777775 -131.91067445075595 -80.84862714572061 -156.36672994011258
20.846666666666664 17.38888888888889 7.015555555555554 139.1015734015911 -119.98425644160356 151.58778439302415
20.846666666666664 17.38888888888889 10.473333333333331 -128.54464762717015 -135.5978377342011 -91.90006617069797
20.846666666666664 17.38888888888889 13.93111111111111 -157.71768244417314 160.52902131912012 -100.21092174924297
20.846666666666664 17.38888888888889 17.38888888888889 -209.34622405420035 176.6030789980542 161.88802802753042
20.846666666666664 17.38888888888889 20.846666666666664 150.08481494669996 -115.4641003850245 124.76751918593244
20.846666666666664 17.38888888888889 24.304444444444442 147.73101882892516 89.16625425650749 -162.49770294909402
20.846666666666664 17.38888888888889 27.76222222222222 -72.00707342155825 -163.36551778807046 150.84900638735695
20.846666666666664 17.38888888888889 31.22 131.8016845336972 -80.5168718912009 -141.49746639981564
20.846666666666664 20.846666666666664 0.1 -141.5101260164185 -98.8528092765042 119.40179560968068
20.846666666666664 20.846666666666664 3.5577777777777775 -105.24235898195158 141.43586307948848 116.9267534957014
20.846666666666664 20.846666666666664 7.015555555555554 61.17122085414634 140.18088677851017 180.48861550762618
20.846666666666664 20.846666666666664 13.93111111111111 -66.34460741057822 -174.56918281197088 -148.74224479646574
20.846666666666664 20.846666666666664 17.38888888888889 -120.11548838351607 -147.33730186999247 -96.62545236568901
20.846666666666664 20.846666666666664 20.846666666666664 -156.84130125872576 -149.47364895548387 -105.5089343781416
20.846666666666664 20.846666666666664 24.304444444444442 126.18765419358176 133.25576969951382 112.94754165778252
20.846666666666664 20.846666666666664 27.76222222222222 140.20081178460956 163.96810849994665 147.54176442071693
20.846666666666664 20.846666666666664 31.22 -134.23659066742175 122.28164844952168 152.0195299550813
20.846666666666664 24.304444444444442 0.1 -151.51320547430439 130.29047003248294 -145.80484025035562
20.846666666666664 24.304444444444442 3.5577777777777775 101.34145597108792 -166.36106471490737 116.04372811616896
20.846666666666664 24.304444444444442 7.015555555555554 -133.0152062558516 164.64858237342776 128.82679460968103
20.846666666666664 24.304444444444442 13.93111111111111 140.50287593805882 -133.726247245455 -138.7185165856177
20.846666666666664 24.304444444444442 17.38888888888889 -92.37677595046807 -100.79950377637532 108.2047665202655
20.846666666666664 24.304444444444442 24.304444444444442 103.71021908633358 131.32784949120162 -181.5905658319851
20.846666666666664 24.304444444444442 27.76222222222222 133.1979410722223 -137.63124364884843 129.41376199376845
20.846666666666664 27.76222222222222 0.1 -131.09129739407018 -74.64403042188985 -151.62729058478422
20.846666666666664 27.76222222222222 3.5577777777777775 -103.49591996489305 129.2121153011431 128.10208563193905
20.846666666666664 27.76222222222222 10.473333333333331 -174.20003675473862 -131.15613188762768 108.14660292669716
20.846666666666664 27.76222222222222 13.93111111111111 118.68334669634679 173.6463837071516 100.43550695692454
20.846666666666664 27.76222222222222 17.38888888888889 -169.84984331383245 129.0507272879694 97.25452868084635
20.846666666666664 27.76222222222222 20.846666666666664 -129.95533388890712 139.29997934851679 137.9037887395671
20.846666666666664 27.76222222222222 27.76222222222222 -156.73074553101742 -131.12724086364003 -124.55783728185308
20.846666666666664 27.76222222222222 31.22 -209.43161485465393 -102.81913722375943 88.50169402226587
20.846666666666664 31.22 0.1 -143.34767078445606 120.07412205300005 97.12251535814792
20.846666666666664 31.22 3.5577777777777775 -119.83723324967532 -130.72907823433357 -179.79987980166058
20.846666666666664 31.22 10.473333333333331 193.63901323701592 162.00020959646957 -141.82681152440742
20.846666666666664 31.22 13.93111111111111 -211.38753692685395 -138.11001220139354 -52.440787534807235
20.846666666666664 31.22 17.38888888888889 127.74425164944522 -122.48821933317743 152.66502710373675
20.846666666666664 31.22 20.846666666666664 176.7446593862792 -169.9954476792544 -130.12869352566867
20.846666666666664 31.22 27.76222222222222 165.24799638810393 135.6393061295783 -123.02454086171738
20.846666666666664 31.22 31.22 -142.03248036776253 -177.81778282447746 122.97752794837048
24.304444444444442 0.1 0.1 -104.01785509259724 -147.68463494241794 130.80509094713284
24.304444444444442 0.1 3.5577777777777775 -111.2342160391649 166.28455878695829 121.07044498690352
24.304444444444442 0.1 7.015555555555554 136.36692241646927 162.5864574303967 95.75535582614793
24.304444444444442 0.1 10.473333333333331 135.1785719666358 100.11899236036727 -135.80136907416377
24.304444444444442 0.1 13.93111111111111 -112.73453421881045 116.91475395330774 135.47092973612104
24.304444444444442 0.1 17.38888888888889 132.20865624743857 -155.8565421686515 -111.26244776675794
24.304444444444442 0.1 24.304444444444442 -144.3197349522705 -89.85334125041992 -101.20763207787884
24.304444444444442 0.1 27.76222222222222 -146.08110058413354 -136.98332946856118 102.31078779836288
24.304444444444442 0.1 31.22 -103.61421126476019 -174.7178785051977 142.5480537089865
24.304444444444442 3.5577777777777775 0.1 167.5730761275454 132.6192520329856 -151.07668171703997
24.304444444444442 3.5577777777777775 3.5577777777777775 164.89750906314237 -130.22606546751265 131.93138878222246
24.304444444444442 3.5577777777777775 7.015555555555554 190.62120921676453 -84.36222241091728 -134.63883184498647
24.304444444444442 3.5577777777777775 13.93111111111111 144.62099529589517 -160.66346683627592 -93.38587470264969
24.304444444444442 3.5577777777777775 17.38888888888889 -136.18968696335375 -113.5969887827658 -174.97582883228296
24.304444444444442 3.5577777777777775 20.846666666666664 131.19937069684417 -145.58634204389665 -123.60742163009746
24.304444444444442 3.5577777777777775 24.304444444444442 -146.32344636757128 154.2430154343453 131.87806592826894
24.304444444444442 3.5577777777777775 27.76222222222222 145.83313422571217 -160.53620416359516 -176.96382993465082
24.304444444444442 3.5577777777777775 31.22 -61.34921760626341 153.4037542691737 -111.70728621456738
24.304444444444442 7.015555555555554 0.1 -176.42161002525972 143.7044929034381 112.11878798935912
24.304444444444442 7.015555555555554 3.5577777777777775 -116.09053249437319 -118.93504888862587 -132.84620339692805
24.304444444444442 7.015555555555554 7.015555555555554 -140.31898294234242 -113.43356962033572 128.69492948754612
24.304444444444442 7.015555555555554 10.473333333333331 -151.77579225409775 132.33039950799588 -171.43364027713875
24.304444444444442 7.015555555555554 13.93111111111111 179.41556046178482 -148.18684685629412 112.34803930177493
24.304444444444442 7.015555555555554 20.846666666666664 -173.601156484812 201.53059684072096 131.79850180993023
24.304444444444442 7.015555555555554 24.304444444444442 -111.39247684840673 98.16722577579937 -141.14447182363304
24.304444444444442 7.015555555555554 27.76222222222222 142.38393965541601 110.87541901824342 -149.4351094471877
24.304444444444442 7.015555555555554 31.22 159.20515833537092 155.3515741608667 73.14226614657439
24.304444444444442 10.473333333333331 0.1 164.81466164389204 -150.6926810503305 104.75442592091908
24.304444444444442 10.473333333333331 3.5577777777777775 -111.97232525859422 -135.79749491775954 -101.84540714455949
24.304444444444442 10.473333333333331 7.015555555555554 -155.00093041773462 -135.0442105586007 117.2772238451316
24.304444444444442 10.473333333333331 13.93111111111111 -175.2392599619699 -128.6941528024021 136.25513533896344
24.304444444444442 10.473333333333331 17.38888888888889 139.98275516036026 173.06991444693074 139.1216416753068
24.304444444444442 10.473333333333331 20.846666666666664 -154.17128560631443 99.62679519655407 -173.23817207179638
24.304444444444442 10.473333333333331 24.304444444444442 133.40284665323614 -108.22214616516395 -147.23647232966073
24.304444444444442 10.473333333333331 27.76222222222222 120.286713786388 110.24178978646404 136.1147303625964
24.304444444444442 10.473333333333331 31.22 131.12676602647608 131.83435866582457 138.33265644350914
24.304444444444442 13.93111111111111 0.1 130.80462176545672 -146.025121832682 -107.13393419221785
24.304444444444442 13.93111111111111 3.5577777777777775 -194.94620666479824 171.51440600032578 -153.81456035127803
24.304444444444442 13.93111111111111 7.015555555555554 124.87911610505432 -143.78389002405558 77.80582230276418
24.304444444444442 13.93111111111111 10.473333333333331 107.74388838097522 114.4573440232258 -149.07285517402164
24.304444444444442 13.93111111111111 17.38888888888889 -129.2063550236317 193.05684664579843 -166.23109633059653
24.304444444444442 13.93111111111111 20.846666666666664 -103.56528634014923 157.82958287836775 163.60233094972318
24.304444444444442 13.93111111111111 24.304444444444442 -130.4400111849415 -171.93754959590743 171.0942104810068
24.304444444444442 17.38888888888889 0.1 -151.05717606664658 94.22245188234186 -153.0105828853806
24.304444444444442 17.38888888888889 3.5577777777777775 -100.65497144815508 90.36294492490254 -149.19656295292322
24.304444444444442 17.38888888888889 7.015555555555554 130.22491523174327 -185.38943755844613 -91.1624451595258
24.304444444444442 17.38888888888889 10.473333333333331 120.39732737478799 163.7614298890128 -113.15689398577187
24.304444444444442 17.38888888888889 13.93111111111111 120.41342977962148 58.58838001558338 106.64763117569514
24.304444444444442 17.38888888888889 17.38888888888889 122.6546221539457 -125.6313530805308 -105.5730917738244
24.304444444444442 17.38888888888889 20.846666666666664 148.67613451279388 -132.1081576754952 -81.3361989151145
24.304444444444442 17.38888888888889 31.22 136.21583415855025 123.16788525004678 -165.0168444001224
24.304444444444442 20.846666666666664 0.1 -125.32629709571655 -162.04416315923928 -155.51420360961387
24.304444444444442 20.846666666666664 3.5577777777777775 -96.87178794936354 -182.1018201012704 -133.52489970383036
24.304444444444442 20.846666666666664 7.015555555555554 -174.53749249322416 77.73649972842055 137.22632851587255
24.304444444444442 20.846666666666664 13.93111111111111 121.78654675963992 169.91473319223846 -159.3800780323907
24.304444444444442 20.846666666666664 20.846666666666664 120.39224406590733 103.00074431445367 102.93891265190737
24.304444444444442 20.846666666666664 27.76222222222222 159.02993279162055 -157.54887413037974 157.54429485388033
24.304444444444442 20.846666666666664 31.22 197.51170650992685 143.58052827830338 -158.57098067981013
24.304444444444442 24.304444444444442 3.5577777777777775 110.83261263952596 -157.06325795599642 -101.1694881694932
24.304444444444442 24.304444444444442 7.015555555555554 -144.73180918151218 -106.72960809527085 143.57199631199956
24.304444444444442 24.304444444444442 10.473333333333331 -130.37459748007024 105.03793538285268 149.55441029343734
24.304444444444442 24.304444444444442 24.304444444444442 -122.57930836085664 153.0912718010804 -177.1033388256422
24.304444444444442 24.304444444444442 27.76222222222222 -123.08629356129128 -146.055861934576 -132.27347917940295
24.304444444444442 24.304444444444442 31.22 -137.8953656481521 -133.4200763625085 195.40380853830973
24.304444444444442 27.76222222222222 0.1 118.71174395754612 -174.22561439150047 -177.65601456998735
24.304444444444442 27.76222222222222 3.5577777777777775 -97.40683851392188 -112.78796310907086 105.41777576102196
24.304444444444442 27.76222222222222 7.015555555555554 -150.995240629609 -135.11626635423923 101.08907784743651
24.304444444444442 27.76222222222222 10.473333333333331 204.38210148186596 -80.66049103421182 -182.87268963178866
24.304444444444442 27.76222222222222 13.93111111111111 -107.96589947744765 129.4948939379254 145.35207716094496
24.304444444444442 27.76222222222222 17.38888888888889 -165.70992102493594 149.53888822097926 -128.46973511388646
24.304444444444442 27.76222222222222 20.846666666666664 138.83050002794062 167.96319377561142 -76.8174924585451
24.304444444444442 27.76222222222222 24.304444444444442 -155.17299672145353 -113.8371603610206 -147.6164308504399
24.304444444444442 27.76222222222222 31.22 -154.57133788268894 -131.0422412781906 118.33415862583811
24.304444444444442 31.22 0.1 163.6374190757033 -101.92295016700845 -108.95133627586019
24.304444444444442 31.22 3.5577777777777775 172.38969861349898 105.33983527701344 -181.53862116081652
24.304444444444442 31.22 7.015555555555554 -161.95158915443125 -133.0926388058036 138.9824717703853
24.304444444444442 31.22 17.38888888888889 -126.07325797090293 139.0919130484153 -101.53375072311408
24.304444444444442 31.22 24.304444444444442 -137.701391393515 -188.3696888671792 -139.57617833506504
24.304444444444442 31.22 27.76222222222222 -140.32005933292848 -192.2108067679164 -165.73896475296974
24.304444444444442 31.22 31.22 -112.36347040806419 -137.01079954244054 199.66919265539084
27.76222222222222 0.1 0.1 -150.8686133742463 155.12517276370178 -124.87948269126935
27.76222222222222 0.1 3.5577777777777775 -151.3605665490549 -159.38187571628058 -75.46172372168057
27.76222222222222 0.1 10.473333333333331 -144.6827328303645 161.0881125223811 105.04822390450944
27.76222222222222 0.1 13.93111111111111 135.03235654395894 140.13641393298508 128.36615269724476
27.76222222222222 0.1 17.38888888888889 -62.97088820239382 138.16221816130198 149.47531369583658
27.76222222222222 0.1 20.846666666666664 -113.91980010717367 -197.77471495730043 -93.86611848963925
27.76222222222222 0.1 24.304444444444442 114.33864090359238 129.5574062989807 -116.79724484118914
27.76222222222222 0.1 31.22 -74.07432778096823 -143.43038026727598 -162.32475220458448
27.76222222222222 3.5577777777777775 0.1 -155.53093347950295 80.72866447721859 144.91683683769446
27.76222222222222 3.5577777777777775 3.5577777777777775 128.89555759506916 172.19239401604935 -142.95645697988877
27.76222222222222 3.5577777777777775 7.015555555555554 -192.45128787946953 -156.94434926587957 -171.0353790146102
27.76222222222222 3.5577777777777775 13.93111111111111 150.02714272412894 167.19126110300803 135.12917764012133
27.76222222222222 3.5577777777777775 17.38888888888889 150.24408924904608 84.16781969811281 210.1403735470098
27.76222222222222 3.5577777777777775 20.846666666666664 -175.9472771458943 -107.34343242111738 136.71639289472364
27.76222222222222 3.5577777777777775 24.304444444444442 161.8969164188349 -153.98506454150169 -152.21067241978292
27.76222222222222 3.5577777777777775 27.76222222222222 -89.07782482728413 130.302868842008 93.31865453230121
27.76222222222222 7.015555555555554 0.1 128.4947096529239 112.30395785700081 -110.49658357841447
27.76222222222222 7.015555555555554 7.015555555555554 178.52426405030602 -164.44380414757734 -178.7035553912042
27.76222222222222 7.015555555555554 10.473333333333331 -190.72324716271896 157.66828194767518 -159.58547994483624
27.76222222222222 7.015555555555554 13.93111111111111 164.47583566727255 -147.56419291853578 -158.22407019448028
27.76222222222222 7.015555555555554 17.38888888888889 100.93008937711522 101.96899523781097 99.14853604522418
27.76222222222222 7.015555555555554 20.846666666666664 97.90849288668059 143.0515089855503 142.44650895702517
27.76222222222222 7.015555555555554 24.304444444444442 145.46390060518056 -87.35806066836017 -144.37195402649147
27.76222222222222 7.015555555555554 27.76222222222222 173.64701395677523 -154.85634446028877 -137.45448255953326
27.76222222222222 7.015555555555554 31.22 -131.03152106656574 -133.48504785608117 56.55460932641713
27.76222222222222 10.473333333333331 0.1 -169.1499757474392 131.3681455749996 -149.28081235597017
27.76222222222222 10.473333333333331 7.015555555555554 -110.94180990863842 151.32508155637115 -142.8410347395671
27.76222222222222 10.473333333333331 10.473333333333331 -134.27459725472184 -103.93261810358314 127.17347201848604
27.76222222222222 10.473333333333331 13.93111111111111 167.48534191794909 155.9690661826087 -147.58844111747496
27.76222222222222 10.473333333333331 17.38888888888889 117.15971631935817 143.14913689218662 159.763333762314
27.76222222222222 10.473333333333331 20.846666666666664 -122.92644089682523 157.0303291201515 98.06931224736205
27.76222222222222 10.473333333333331 24.304444444444442 123.4993140900931 -137.81270777059848 154.97749118878374
27.76222222222222 10.473333333333331 27.76222222222222 131.63030026279208 -164.9534386417897 96.62800555155043
27.76222222222222 10.473333333333331 31.22 176.63071309116373 -134.26211339307375 -169.33270381740314
27.76222222222222 13.93111111111111 0.1 -100.83318131529994 114.52931784372706 -113.86997193544258
27.76222222222222 13.93111111111111 3.5577777777777775 145.98731394819958 -78.01879049377251 167.43876726463637
27.76222222222222 13.93111111111111 7.015555555555554 -172.6605830883016 145.88936779806818 -187.82566243939505
27.76222222222222 13.93111111111111 10.473333333333331 -170.77040194143612 62.717101869208406 -149.67946050930993
27.76222222222222 13.93111111111111 13.93111111111111 127.14584122005652 -77.03204057536334 163.5609693463651
27.76222222222222 13.93111111111111 17.38888888888889 67.5837036615123 146.1386207043595 -150.25773510896727
27.76222222222222 13.93111111111111 20.846666666666664 -167.49767015092473 174.08614230496374 113.14756348982142
27.76222222222222 13.93111111111111 24.304444444444442 149.13648906017815 -101.77773795816113 122.87317229424279
27.76222222222222 13.93111111111111 27.76222222222222 -107.77493855699127 -174.42429015511138 158.09018558453974
27.76222222222222 13.93111111111111 31.22 -155.06445542773346 128.4171120401204 80.81578643611131
27.76222222222222 17.38888888888889 0.1 129.48668435272148 90.41144798271456 -152.61448220677357
27.76222222222222 17.38888888888889 3.5577777777777775 141.56380405523683 126.65800507098568 -106.17867882989589
27.76222222222222 17.38888888888889 7.015555555555554 155.09982690281228 145.94158443101287 -46.3039111086963
27.76222222222222 17.38888888888889 10.473333333333331 -147.01160776798315 110.97346728236775 144.013633999231
27.76222222222222 17.38888888888889 13.93111111111111 -99.91708001923232 87.86102496099019 77.57725058031843
27.76222222222222 17.38888888888889 17.38888888888889 -103.49765284426921 -127.9952432357538 161.1153631131649
27.76222222222222 17.38888888888889 20.846666666666664 -105.12785243559736 133.74741808022267 -129.2747279460142
27.76222222222222 17.38888888888889 24.304444444444442 123.62017404949901 -108.56360295812597 154.8171368355694
27.76222222222222 17.38888888888889 27.76222222222222 -138.20397086825318 125.4716270987996 -119.08420578373864
27.76222222222222 20.846666666666664 0.1 -214.2123479869512 -107.27269943046836 119.56072118737488
27.76222222222222 20.846666666666664 3.5577777777777775 -143.81842808086583 144.6849130196925 171.28558980738902
27.76222222222222 20.846666666666664 7.015555555555554 67.93011781127638 -201.73405874487517 141.86100274756325
27.76222222222222 20.846666666666664 10.473333333333331 185.21608957058893 -138.3339991228458 141.73819192895763
27.76222222222222 20.846666666666664 13.93111111111111 -132.5663220047509 120.28212211915488 97.86495917614859
27.76222222222222 20.846666666666664 20.846666666666664 -211.39309757559695 149.86269440447884 175.73924251900007
27.76222222222222 20.846666666666664 24.304444444444442 185.16838059320813 141.58487920871536 90.27358462686266
27.76222222222222 20.846666666666664 27.76222222222222 127.32811869364015 -168.17368050447516 170.10677830322535
27.76222222222222 20.846666666666664 31.22 174.3816730576993 -99.86236779066084 118.30770577381527
27.76222222222222 24.304444444444442 0.1 38.531393633932275 -87.25318301217264 -140.56557568340017
27.76222222222222 24.304444444444442 3.5577777777777775 -141.846799174517 -169.40977466174184 -154.88282006802615
27.76222222222222 24.304444444444442 7.015555555555554 138.62968171524813 -143.54353834120747 95.66540511225807
27.76222222222222 24.304444444444442 13.93111111111111 -128.24170680597777 -81.58987809147904 117.23775742076924
27.76222222222222 24.304444444444442 17.38888888888889 159.0812511691473 170.78020440656033 -180.9818817437247
27.76222222222222 24.304444444444442 20.846666666666664 122.96346164251695 -183.71384403918975 138.97574388043668
27.76222222222222 24.304444444444442 24.304444444444442 -129.95317665108163 -179.02645097681088 162.33971119017784
27.76222222222222 24.304444444444442 27.76222222222222 154.13323196643805 -154.305341686933 133.14495846368882
27.76222222222222 24.304444444444442 31.22 -169.43844460900473 116.98664952494144 179.92338442508907
27.76222222222222 27.76222222222222 0.1 122.94884328994839 -117.25872374051231 -135.55990142895314
27.76222222222222 27.76222222222222 3.5577777777777775 160.33383688039584 -100.54897075056243 181.55280533253375
27.76222222222222 27.76222222222222 10.473333333333331 139.84577733128893 151.69793074698288 -126.92009715006391
27.76222222222222 27.76222222222222 13.93111111111111 -143.26577494087044 119.71638267587208 -151.07138222380576
27.76222222222222 27.76222222222222 17.38888888888889 84.54865993502413 -129.74030513742545 136.60124215347983
27.76222222222222 27.76222222222222 20.846666666666664 -108.98031223454676 -88.89225548532269 -165.18003234838798
27.76222222222222 27.76222222222222 24.304444444444442 -105.9165840109456 -121.05926480948325 -142.3241594298567
27.76222222222222 27.76222222222222 27.76222222222222 -86.2911083715023 102.90041269733548 129.90882718128555
27.76222222222222 27.76222222222222 31.22 -197.56822631217395 130.9924949857515 -91.44410789972896
27.76222222222222 31.22 0.1 -146.6717291070476 -169.49336926026774 153.654793037993
27.76222222222222 31.22 3.5577777777777775 -99.99269604063534 -129.6825323776881 181.15270149728445
27.76222222222222 31.22 7.015555555555554 119.40164878192817 144.05701809367636 127.36096321200357
27.76222222222222 31.22 13.93111111111111 135.22820870760646 115.04518890479324 -28.345649412800473
27.76222222222222 31.22 17.38888888888889 151.30522476831163 108.41612153893212 130.45911586130066
27.76222222222222 31.22 24.304444444444442 -132.86487306210933 -122.3322170881838 130.66672043903543
27.76222222222222 31.22 31.22 145.90553952749008 -129.29311125533278 -106.3331774179673
31.22 0.1 0.1 -86.48574303357745 -132.05786439359645 144.49813512496073
31.22 0.1 3.5577777777777775 -111.88686058630489 -120.75080460484033 -186.96899190428806
31.22 0.1 10.473333333333331 150.16571976438624 -168.5524330292931 149.53326679100158
31.22 0.1 13.93111111111111 131.67068064083017 -184.74113486264434 148.6041334598607
31.22 0.1 17.38888888888889 126.00564852084642 126.30473977573716 -96.25479367564083
31.22 0.1 24.304444444444442 -127.49677055318922 -131.44591054026594 -181.53727711170058
31.22 0.1 27.76222222222222 131.19101646926993 134.70082272863996 -154.88540166122345
31.22 0.1 31.22 99.44211485685543 -77.07198931383193 156.5933484484318
31.22 3.5577777777777775 0.1 140.14904366620766 -162.54108866039138 109.85303290769372
31.22 3.5577777777777775 7.015555555555554 156.59699308939284 -141.86434358172806 -121.77017703743103
31.22 3.5577777777777775 10.473333333333331 -157.3889927753007 -163.01604883598065 -123.77485027968949
31.22 3.5577777777777775 13.93111111111111 116.28794875012015 -134.7263265315316 -146.25521546242211
31.22 3.5577777777777775 17.38888888888889 190.25675472914122 159.49679643971044 131.6045576339002
31.22 3.5577777777777775 20.846666666666664 -132.48393401261106 -144.7930710795194 162.2383743121207
31.22 3.5577777777777775 24.304444444444442 -140.0827653398315 124.05269069420206 -129.44529179000227
31.22 3.5577777777777775 27.76222222222222 -147.67444446595027 -117.44201831014014 138.2085686648404
31.22 3.5577777777777775 31.22 108.90061775605649 -110.1702933040544 121.13936908874065
31.22 7.015555555555554 3.5577777777777775 -152.0378590411179 -151.8875701111752 -130.3236085958623
31.22 7.015555555555554 7.015555555555554 -163.34095743664884 -121.57602618437316 -148.74506425815343
31.22 7.015555555555554 10.473333333333331 -132.79514564806013 126.66671717554894 157.4909322615599
31.22 7.015555555555554 13.93111111111111 112.37818427889975 80.8193786936246 -147.01636345297186
31.22 7.015555555555554 17.38888888888889 32.25449498539462 156.9536017370246 125.29233159759296
31.22 7.015555555555554 20.846666666666664 -175.84351763142408 -128.4882398281063 -115.7550146920721
31.22 7.015555555555554 27.76222222222222 -187.83495660798621 152.3873957057156 136.7631195338414
31.22 7.015555555555554 31.22 -162.01419470264418 -88.70178898525366 124.49669854222329
31.22 10.473333333333331 0.1 128.04742270428127 162.68951101951887 -178.0869002326742
31.22 10.473333333333331 3.5577777777777775 -166.37767679904147 -190.77604375026547 -78.60248570055074
31.22 10.473333333333331 7.015555555555554 127.64397534774626 143.23710966665558 -162.18109888727267
31.22 10.473333333333331 10.473333333333331 127.31842890577273 135.74393303994677 123.73092840504951
31.22 10.473333333333331 13.93111111111111 193.25946301004663 -105.07930028267245 126.86041885096157
31.22 10.473333333333331 20.846666666666664 172.31267296230354 -196.8301481320584 -128.420007704624
31.22 10.473333333333331 24.304444444444442 129.86006888386743 110.85460505200896 -146.72387783356308
31.22 10.473333333333331 27.76222222222222 124.71162608071843 150.12930554993625 -145.64873939400425
31.22 13.93111111111111 0.1 -137.91748221663008 -142.39187013223824 159.09850120391195
31.22 13.93111111111111 3.5577777777777775 -114.84933923138028 -135.16240490233574 172.9261147729002
31.22 13.93111111111111 7.015555555555554 -98.21671973256299 152.2912761221014 -179.66528068123387
31.22 13.93111111111111 13.93111111111111 121.00854723360409 -144.72043505045139 141.21006378171617
31.22 13.93111111111111 17.38888888888889 138.291165902652 115.1019122988264 -165.33053997443167
31.22 13.93111111111111 24.304444444444442 164.3047397196254 119.45306180339269 157.68419494618365
31.22 13.93111111111111 31.22 -78.21420742744557 158.79918319370861 -133.33234642922116
31.22 17.38888888888889 0.1 -162.88741961678693 -143.0214010689869 -156.81941002871153
31.22 17.38888888888889 3.5577777777777775 144.35446836401354 176.64361789289205 140.28322374101623
31.22 17.38888888888889 7.015555555555554 121.70631340008748 130.63716577196575 -111.90643445503503
31.22 17.38888888888889 13.93111111111111 184.92897401595636 141.97501856275963 136.08735582772974
31.22 17.38888888888889 17.38888888888889 -149.03233518802597 -176.2096062772067 -130.98474123455208
31.22 17.38888888888889 20.846666666666664 -171.55475132634945 -152.94039719304305 -147.4294077668103
31.22 17.38888888888889 24.304444444444442 -156.5006931092782 154.80189321220118 -136.943239684151
31.22 17.38888888888889 27.76222222222222 148.1631271927472 104.22028485992452 -146.6301579327267
31.22 17.38888888888889 31.22 128.75519778432468 136.0007278290282 -151.49529325575517
31.22 20.846666666666664 0.1 148.42154523965337 150.48876305078434 -179.40612695507087
31.22 20.846666666666664 3.5577777777777775 -170.15344739951766 110.90867685617486 126.079296663959
31.22 20.846666666666664 7.015555555555554 -184.17747988257005 -149.78125456469832 -177.68199414261449
31.22 20.846666666666664 10.473333333333331 133.7002422050716 95.22827148822782 -106.55922417584081
31.22 20.846666666666664 13.93111111111111 -170.3515888928048 -117.873111396549 131.0538115897419
31.22 20.846666666666664 17.38888888888889 -159.69219274979403 -142.69674859467852 -135.72648905257756
31.22 20.846666666666664 24.304444444444442 187.402090312356 137.00853798289586 -142.3613733663847
31.22 24.304444444444442 0.1 -147.75443742091548 -148.84841391164903 120.06839726450029
31.22 24.304444444444442 3.5577777777777775 110.97761725282038 -184.77808070200228 -188.01275988198137
31.22 24.304444444444442 7.015555555555554 -110.30987562254658 -195.9354475631654 -121.96199600656489
31.22 24.304444444444442 10.473333333333331 146.4492290794777 -134.73669159143773 147.9072292992526
31.22 24.304444444444442 17.38888888888889 148.63307329433823 -152.3758617505576 98.68243512509616
31.22 24.304444444444442 20.846666666666664 -127.78104635331044 -98.49146095873596 116.6710028229352
31.22 24.304444444444442 24.304444444444442 -127.88664492357917 -156.61213615284152 172.17337007114565
31.22 24.304444444444442 27.76222222222222 146.78459028158173 -72.09550901093611 147.21202186076565
31.22 24.304444444444442 31.22 108.27189149358618 -147.10257375767353 70.11480401936915
31.22 27.76222222222222 0.1 93.83005778452252 -142.85035367702233 143.59568653538824
31.22 27.76222222222222 3.5577777777777775 138.9058718025689 -107.68003570805146 -150.70435510363262
31.22 27.76222222222222 7.015555555555554 172.94446197351704 148.01360193444305 121.77864761049783
31.22 27.76222222222222 10.473333333333331 -163.82073867505616 -99.49752880900937 116.81428200794564
31.22 27.76222222222222 17.38888888888889 144.00143777869783 135.44896082798653 -158.88023101450156
31.22 27.76222222222222 20.846666666666664 146.82942365694345 -150.6131778277587 -105.4818284912942
31.22 27.76222222222222 24.304444444444442 132.32452297879723 163.97494115476545 -102.39656363299382
31.22 27.76222222222222 31.22 -111.3560836284098 -170.53048868017794 -141.40477775163689
31.22 31.22 0.1 122.52040074611627 141.6429845552342 137.72818434414435
31.22 31.22 3.5577777777777775 149.58094165664383 -136.5597991627639 -104.16651695083131
31.22 31.22 10.473333333333331 67.04599076388439 -137.13114322000163 -115.25131049854555
31.22 31.22 13.93111111111111 -157.28163281652255 -183.5112685561475 -176.56913844856334
31.22 31.22 17.38888888888889 -138.5371065632458 167.8199017873977 116.1943700271836
31.22 31.22 24.304444444444442 109.64647783897763 -130.37719517969097 101.20994520820575
31.22 31.22 27.76222222222222 128.72103174016482 167.6293310704832 141.18003420743952
31.22 31.22 31.22 -159.22375091893468 -106.9445504676762 177.4245428099152
